2610.23 3595.17
1601.16 2187.29
2925.71 3864.45
7404.06 9539.37
2705.95 3667.78
8664.89 11159.55
8863.58 11382.42
7932.57 10345.26
8270.33 10746.00
9355.44 12075.22
3266.28 4432.70
1176.03 1739.14
1887.43 2718.76
1646.44 2391.54
2650.84 3640.31
4421.36 5842.81
5682.29 7382.56
3978.56 5333.03
2696.09 3709.26
7615.61 9844.76
3479.36 4717.82
8226.68 10764.70
7244.23 9358.96
9778.10 12650.03
2256.93 3179.02
1045.52 1635.23
9028.84 11631.55
7621.50 9950.74
7796.09 10183.20
8154.59 10522.37
2106.57 2851.93
8155.53 10538.86
8110.58 10565.43
1585.76 2229.15
1870.51 2676.56
2352.41 3268.14
1903.92 2676.13
6691.51 8725.81
6607.90 8598.74
2142.66 2938.14
9076.13 11729.24
9665.95 12455.86
4736.96 6318.57
7923.47 10290.17
4802.56 6414.89
1404.22 2046.71
1188.25 1677.99
6114.59 8055.33
6112.95 8045.04
2808.84 3712.29
8934.39 11637.41
8756.83 11313.60
1302.67 1908.73
6698.72 8718.65
2690.30 3589.00
9402.78 12073.80
9479.77 12309.58
1429.45 1954.98
3847.34 5192.07
9483.73 12292.26
4584.26 6118.32
2209.72 3084.58
2183.94 2968.24
6842.59 9001.60
1596.80 2159.50
6985.32 9172.50
7780.48 10163.35
4112.12 5543.15
6680.68 8745.07
4178.39 5450.55
2542.73 3365.26
1905.61 2686.66
6226.60 8197.44
7376.98 9630.68
7259.55 9506.87
3129.48 4221.37
4581.29 6074.16
3201.86 4266.40
1029.69 1611.92
3698.36 4995.52
4758.54 6216.61
9210.99 11882.49
4530.59 5925.13
2707.91 3635.49
6492.91 8475.43
7358.90 9602.35
8350.47 10760.91
5069.22 6564.99
8968.40 11612.44
7767.71 10092.01
9040.33 11706.65
3021.35 4036.28
1295.42 1907.51
2404.36 3180.71
3720.81 4871.36
5675.30 7352.86
7147.34 9366.32
7808.87 10149.20
8004.86 10387.20
1943.34 2617.91
